506472485858
431857742281
044824660786
174727273520
150177306672
074887667067
321677880185
082658020086
361306126481
206157234626
701174424371
525708844763
618786830625
816826411085
302255465771
434666605557
410036718701
062221138317
631632456403
870734534651
433124715161
613762812565
483558181564
034626486843
028781758182
117343004583
075052006204
546835542570
033174516456
016221755377
412364058261
230407205876
808007523862
267887452308
231035600311
050184860264
735345408701
222684453676
147485734062
122754857224
468348310348
558124530071
543148520161
213844707150
874716253535
760154127846
263600606605
080723842221
711115866305
322664267766
571481405122
407414641637
058386106013
628367225815
025558443125
530230510717
853567188731
355210375641
768882451333
686024507858
082177701741
602500188875
510533234501
385873764137
807537836402
443241862143
700735334367
302480486632
432567751277
780384187533
864667824380
574100212533
076618776054
012554655282
830687701718
136767018028
020451668452
855248781015
576532716180
384731238002
062214542760
577218573683
148132766818
544185060882
362227216417
401111720150
054502801660
203318237015
756608308425
006737401012
452441446653
748671027822
615253815306
021121358375
781817537374
185775871353
062357858637
781417028471
450027436566
451534710622
435618162862
676033024352
658785422370
566103428800
608515657666
573688010825
283111207150
746401378560
877680733115
266327840518
728486246887
472216424066
877165867056
588782015183
356365310851
231625432004
883783738373
857153852435
204832165553
336243304330
740025471023
088742707378
542222878787
203380285176
716044347442
202373302227
821307064337
112267035862
614012187236
744101452772
308482533382
018813821426
415252876312
273021141073
725178447352
222427402147
450384002553
708306180711
252481400327
657730454204
351474527568
382885756345
317606127730
507434234134
688110444765
240072800241
431042862776
521405217277
506882344657
802045548530
778332675011
587542107024
150587255461
662146556832
760313042430
432322185650
142753373783
233528583424
083510523416
727135143807
168450005387
777568427281
066012764781
215124852050
338757855057
528200201458
345333447174
054442860076
038702083230
013876245470
352078333638
053605471675
524577826151
333823847807
648682381876
251241682348
344434438114
533876774515
515737261523
375710201525
555457407820
448346818265
207105163036
067186103828
463240307711
405541536677
537052766455
240606828720
603802238336
007750682315
618282870448
536410876068
668811115745
378343303078
568705648470
121136556730
807377186466
773488462034
385233524308
635467476788
130388816440
758458066383
147106272607
184371668631
168455031871
318484133467
557406211626
688612588580
415745735115
754552062461
571585217086
408617353612
687160618113
638376177076
565174210530
127268520146
572650601656
514187844751
646408174537
152217364457
144160752566
853414662323
730801800603
274368247581
712566642766
840432141271
502646045314
880866526574
345570563225
808860634734
038048008371
210018060005
340107434541
051520622785
721511652676
853022881453
083815484206
067275517348
215182844604
143175727151
125826214270
522265260065
387426718682
578476770227
817488867486
213543162468
286670310381
475132665781
616221120437
601531871521
880084226021
071758446643
112875725526
088362842087
410535403555
511388364355
630052088314
242706151678
581718238837
307832384453
233456804045
843888182178
406268363588
785730283515
413754754615
801315684632
668888088480
163610427241
254485547873
207823881077
370821866730
265022143317
247874530426
536435460443
685184050123
561481176503
750033432084
882344562861
768732688342
371486741616
834681262223
816628410134
303067464021
171541878788
353501840323
540631321683
467050327112
656402673613
260256735077
351822846618
707611268636
524744315352
713001800850
638712271244
308783210136
422426214244
553515678780
066436018532
628640803664
223766183220
314432213841
710585417734
113221185672
668734032323
600040410286
046738633224
560325048014
857601117127
361422456778
385156551776
054842728775
536702025320
148456178784
066570324310
785648484253
834483734736
034063184564
438703523226
281117327340
503643006287
000706200171
777416102672
586625524684
404833521114
114365718347
304013015652
814240442882
641187737504
616447850757
260737031267
037506286027
061034430132
888167575648
382808014300
424300244276
722675213381
028561670507
572041741017
763626062738
688436342124
085803311247
547061627526
101351888036
282126010667
735416271177
778845424272
480377612415
511778841283
642866215738
568000451454
338071481346
254781762631
444430868135
251552114651
541200211154
004581482564
861731021201
002243151077
241254248236
706857274877
836146648523
182144868160
016668388552
148170527338
865103764054
105381128500
402531183476
221680343230
410243688730
335043060125
087257864247
062321126487
641127305475
311813664474
235437184066
145078855616
275257320252
218605563356
078677503357
530550148634
514820262776
580278274030
737005512385
308728704511
224538175006
415580146531
545677411266
884504747522
455513871742
010021066480
082872464507
866056726747
636037755640
768340075526
378575422756
206618567362
444611645531
635485865253
877032331705
222508788602
735381855384
610454227534
263550547141
305051767827
841850564562
138080145732
534328100627
236045248654
256327408747
346707867476
685810855735
355505224723
222142524253
765432685773
336304241158
624866161166
764860674818
738228687051
284832633602
112854878327
878437283175
136050768537
845314770374
318400180881
724414031614
855620410587
888157653682
824728761027
247442101034
281684483135
576638686128
767608658653
271344236402
560806166428
122001486025
780564881883
304441717388
554385158062
114267514347
560675708185
132721856632
585825266248
774368522640
816770752416
253568064544
650807020330
104411065061
031348351683
122123571425
047834852710
501028262326
046632218057
664831631060
425822661852
078213832362
804013113766
720018345154
851234623027
670570634774
135007820512
267308158388
513803511413
066187831020
313777154147
446511258155
323807375536
414673405257
488747757407
677200103808
337271133800
674061356827
716472585704
788224073713
344836028454
327074367476
302147528625
121403540472
426352083452
664178220717
833862307331
445332508603
263482758546
637613183470
767702557126
742876710365
345816633534
338705234870
535875452181
717846424625
221667753377
723322815642
023874261242
568477207883
237273475872
073776747532
230112362071
233041511367
678644556018
380362605045
108471127058
406746186162
478608584171
865047648066
338133058573
048564246616
582055427126
586070427316
625063031050
826588878522
123770106732
232728581604
226617182041
103280071325
555485381821
687501760705
631026763167
525815265414
137550327778
436053310120
838562874641
334811030426
466322268303
276667270150
101477551445
838342850485
658687860232
210755276421
828864608423
686633754184
613570623323
686654085563
413581370285
728450723264
374052760815
885511061376
134337307632
050148678127
208277770603
233811774611
735410348132
612002336516
041104314765
502262621044
213888760181
651678082118
426820521745
070210702255
788565713012
771416201121
137157251088
151634666253
861275538813
670385851815
613723204010
168436240651
084236411045
703445834058
736170038056
652870318341
774576300121
844262803138
778637161451
078325004705
110542373678
037574528284
754607664810
101101136045
615168153531
168381487364
522485718871
027538012864
745662258480
515653287372
067747507888
521138670407
340288838242
470282443084
620221544571
013245868670
467367203414
784213407652
412177706602
182801088828
126534183836
421482436815
405566708255
331327816481
423325882343
613767247743
266158318353
248000716362
585780028400
767750000035
262776281580
724862501206
335303788330
086461104618
072772055603
573380528223
245308553443
815380682345
250652270238
443844125004
573033480640
125181786028
256502026705
381236020703
166337306371
240474544283
460786230174
867347160101
682062580582
247565525333
338341746054
106628388818
823651435434
436433611137
527117722758
171303142365
807336387881
187878633382
484254612405
312277858021
236802368512
261536463510
575384725580
031702011337
436855215210
665867303478
021451754503
566164701344
252117230235
658251434128
164255475842
743765883037
141132862141
486635333275
802630365008
356147450736
488458680613
735247002631
867640232517
428522687883
510306807525
751522750014
526772308631
260642830870
187765075405
424740140426
821180114212
267878327340
086838577183
482082781166
581340376663
102708577135
616580654627
581654016867
408872013406
745662235424
035300332827
051211613213
728878867073
546002114500
258656276864
826220570632
802526617102
620650853627
263030024237
460260405417
856518560383
145052815784
600342086204
310764374447
615827578321
523245475740
275313772128
217714011805
380566408014
324280502022
034622700155
850532161540
257184001567
866017563566
685353573323
728086677321
603151830561
636600173665
074416410021
828686816540
507332822478
158215377764
828011556753
334015587676
687376184560
448367214462
548847573280
111803631747
663051037026
854022818551
257557587410
340360612368
267677618887
711068780307
754416133402
570121553883
075360517770
011121626005
143532855872
272425468524
834630363647
454671040074
440027713385
384483161627
423486674460
662213801725
540822803327
670011267063
860648464467
043786612388
603777642281
000007223551
710353233307
702214631326
345585702835
808875873345
775567861620
113347174747
030370320363
853867736526
623840765428
334371153553
004352173554
711240731236
834846721016
546501873371
883370106308
132382274657
215438532570
138016038733
808008067635
178646264130
211147404816
763242724423
137464158356
064457031713
881285326435
765460688775
262608643561
451251088062
864833155654
466441620275
557216740816
886414788068
712324150453
110680138577
251521656447
722638700667
518867170562
484068456030
634117557525
322178001745
082160130647
487223334520
255872588381
650713828042
213103000452
444427052842
633871307443
072873485602
740642650362
038104005863
814454018016
201684580375
333105728152
513743835456
372502181227
042583120128
751603543122
148254462148
552800041887
438286177367
776308255526
023783627741
116781613514
666753258080
575071255418
725160520154
113535588267
774554632487
088226224463
338442276853
632187765702
873322617282
240608170581
603088241101
042422851403
604626755535
463385011306
231858424154
215032676303
248666671311
221517167420
658557635021
642545611773
205835882383
543752128648
731072600818
822657710540
583766854760
204207141003
864178271805
006580410672
342184862706
110657276654
415611470546
804363300553
043266813306
341346131416
646400335388
738202560358
086028786614
746001826505
202613862246
185306513670
325632465160
664633553338
168464882170
083265263465
713520274222
571103687188
074824026731
165600237462
082723373088
652528552076
637878665230
543874706427
675385036304
608773542458
731274772335
030687754666
717151268534
262577344262
355565338134
132704628030
827805005406
645770304446
580345651778
103027727461
546417808871
855711082322
171461325566
261841684305
518757021651
338113032407
675702255435
616018623408
780155872321
871821182042
337561142021
310312530030
634035868056
710763183105
321284370330
735153733318
271755770050
537250231174
080445552681
387535760801
115685830744
148133273748
025421300220
438352638072
346560635401
437345756132
303505385758
064577425651
460631628533
874440708453
123441886722
312004242223
237714513517
783417550348
304848747482
640443218516
570061570356
304575100848
643587187107
676211282105
650163678123
212257000720
206578850714
230016103828
165531523300
627626833816
388745076135
800266264370
561285317408
485700737071
527211067757
131855120122
743610272486
834375482128
172102620474
652730151886
081036000058
643105306337
882106484586
866271756736
838318004758
616882407515
748203537383
556325773018
680050777016
143144107523
334820318254
523567425558
654746870204
315814185573
768204357083
521408252125
512137774003
271823053082
873577115356
066565101220
882376471514
404131534878
223281783722
353378157367
220725547807
527376367825
345241776865
708446186472
830757326248
062258555125
673876504152
863338840653
787138221057
556807485718
316888415611
283275542181
332278255723
787686341561
605814347080
217558400455
710267064875
472472858008
725643456002
750376550000
315070506641
280154758880
017028157830
605284451863
010142814842
358115730142
076028301141
325131488300
085826657408
225152610778
680373044623
418433204566
276102368237
251376621576
614657702086
736168032763
182562483087
017462764373
553075711023
545827207132
082725005676
485556434337
256537464320
650468803072
368578225084
542752152740
524613550768
302286853526
533411815016
838564110008
383072205636
708841647615
037842735074
854075872581
770775252885
175838456867
424841544126
075008851315
787626008442
074856470712
018570574720
132214578727
231461163325
157504218841
047122723082
766476734748
534235088410
712551221673
267128678570
557716522824
804406835842
553342376000
470526613141
080058801374
056345037755
841420380004
031008650733
025220500726
685856031230
118538117732
835465402444
507484436664
126435112001
033568367526
702226422387
883002633010
604620771056
216364843321
240712186425
015053625152
147464855838
280726722646
701385123017
354470443614
752335872456
463767160680
827275354437
165002582783
572327145660
427820416328
831502583012
726517007575
710532007765
274615168441
606015633336
688727757285
680335231342
312744260654
675771743585
826133710302
043760330834
712478332545
160205668881
044360821141
861403066656
110210303112
308662648512
548701741108
570027228062
358663135802
881825436538
873766824646
741358712031
880242325663
707375561288
163720661354
736341548748
250836764437
010307254158
251402826358
854442730526
086753060303
176527270025
786764616255
631230863687
441575884444
608402211700
622880627053
332312815187
423186135728
713775068163
285535265617
747731586224
624127613604
245481263253
600718358800
534374616322
723726052723
337703878328
888676434604
864035447847
112047535116
722274062346
832614168015
288158367171
263233630320
304644858187
278718121346
880241418571
834716666802
612130717511
536755337102
167164365404
151004514681
035168776831
480585052668
250272230667
103552636186
888663013653
236570240018
046835250765
487881601588
861778011460
853571145320
837654407568
350127644870
763808720562
343436252884
063623425055
220244801417
067774276405
744208327104
413718745288
566107725234
764315057662
344843480185
816703685638
604227826337
050662025403
140152385131
300005636714
440134737301
640564834060
112474484663
186548656812
127050885680
888041015581
481685177056
523106306723
243333743053
021052635664
532226286123
252508211207
518103673332
583266834571
664237806216
160371110188
358734455580
507745543748
217072070078
184468117450
580523311442
885576515325
557684658444
110780068151
003668471407
721701526023
705865878263
630331145585
310254328811
303252313764
014683601817
576638758354
245230176440
824730584535
067228574571
051058723767
373358277553
531417244207
085530578031
458762003865
128557272864
846627332717
162367775052
528017735021
658801348663
867304321114
687686456188
562751618438
380625017378
713222332167
474230476287
424111731107
351848125721
147137243556
108045522604
276358887412
848377031632
632107685302
628345550623
314103237622
877434146062
076728654887
160726630750
045113767231
283634243573
011766488208
416820683181
177838636311
285851107845
865488538258
857281763217
881824767225
412188318674
285530706017
702031136412
404500178265
623120328678
683715055704
523103734821
606406460144
124663868577
305171346027
674714465672
202670544086
672304513676
752770732812
246707602042
836517626128
324526053041
612058437852
685237388034
703336207745
860836424628
652416621832
121331288232
671788081061
448682773308
431707836184
532104504356
181714218330
226408628504
438622501763
664220308873
567551123521
183082611006
808167518411
446023675001
741520025080
023555084632
628752675863
715165322333
233310267230
006726677165
442445877233
148425814101
382851782268
278266703766
328835227746
145235611081
224841854572
761527811285
607874571142
528307538668
120466080215
716351035433
414711615127
730618174512
820448601032
455837375702
647625654861
715204518780
154365452587
373767060507
801664360401
746521676274
002055551334
206408110285
603451846575
631254576040
178861806081
186383603083
801064030152
476055534334
361015676222
013685437628
063461607124
435046285211
161208155312
113773714837
461572863513
764157467734
353720822276
717481015014
772876012020
108734233645
788301531408
870803826715
620261174032
147465274176
833054225153
084038325004
565368657630
015116868263
450338214054
167350640103
430053878556
201404814435
651762765340
125763645442
418374332425
044308023722
882154447387
180833424370
862402283047
380441277042
656483245788
834347171130
208818582608
112082475604
644833400124
675546702207
220180871707
623512624884
081207562217
741778324783
164604735126
024060486456
673204350523
077786224650
605207554154
365562216004
416335763425
643454680621
811287847103
337686556262
562284354371
118143571177
111804483765
886737018324
511383721316
127136850821
038254514788
618852650444
766250046134
584356477845
422232033888
456671771430
546830673184
643311548154
747125645521
335042602762
754854884414
274600240481
760257451115
308011480608
414663503428
117868214158
627167257715
484581157383
260604113335
878011313720
737061781370
255846875368
772835141244
727224216035
387204514583
315010655867
334545122257
530317885360
080476332876
787026380813
820635372761
260546082436
302355455158
060025254440
587826848205
837864775744
188847016168
818042815302
308077407044
347536521343
136274825752
767526546174
467124308827
183018365366
316586754225
546113043454
267415864801
505372733032
682082335667
622321611150
558676471016
446580316201
586545508673
050484723262
363386547648
534866681325
885247008552
863265134828
631235462006
575658184383
144761862161
431167074033
058184274204
734524536416
316551532607
475506718742
476470416551
527361287865
135870415741
458253014732
840041748815
624104622718
581654656268
858043885172
767544331426
544303834752
870306864741
407064601310
185006265382
637601657310
526256846746
346667485241
260561411283
724311587680
357276015553
772776755627
530661814151
132152357058
473181056631
645201705763
734670141258
544636403567
851735505715
383321326103
457537045603
127375127310
573861432646
624850564030
554884437004
076514774634
341116536484
648505341538
235635254863
301575636734
527140514454
116286256286
742871847062
055888673307
804472211850
362886816127
565333128505
644714244466
613086010348
444055024620
170826717775
148885747050
533278043213
486243202177
501664861672
801484016206
247538122856
034675306778
322248021805
146528313656
040416348662
084244078600
380610627854
845205032102
736453172633
246322000033
511756634383
808571452380
103002825851
645105658528
261260613084
787872873328
421546013218
007634044873
424438382246
235260166224
506723656318
111542115845
606722303580
122873667103
646381086411
418774783534
208627725571
447654570616
307034817055
020013525616
861578156777
332450142780
682784010284
861552006056
178550155230
010624746507
443532663641
488213474436
726614183001
327014317703
702557243082
660055204762
274307371724
185200643766
452114516345
566838767166
162425722235
078561284626
007703146627
616725002620
285006168603
113647825318
118741888521
136157357151
057638253043
661500005536
602116071456
122552153585
365034647173
377011785643
253825220786
022584484556
830666883232
168778071481
240788215175
685431424875
154631866770
772344146115
574746315873
464056163471
081484472812
783681880777
346071162287
478472281154
863408481610
675312380650
746422624344
743056378420
578307422564
352035704305
887367463834
044646710662
453436267483
873363738433
847605837358
714337078782
563086243453
778730572154
072065184712
808256177814
607642351720
481183873647
224417012465
772611613181
877354041783
036761302858
832185665360
681803183280
871641300584
176055857625
736046087517
124462320780
123505600000
014860854541
630361350645
322823013852
714830103223
787682500242
175230504175
541370867752
726666087038
626260232652
283021655037
054012674020
233783261534
072181048282
238411133860
608283442480
038471381552
448645183715
700108663801
752671026825
736755278164
652565550550
826663778106
864161231261
286220576442
753187254125
348880554402
836803730820
171755452623
072221616164
884741503537
271250042861
833427358240
122166455544
177754708811
075744718437
485766121470
715603582420
202032656216
725264224351
750173170362
518742334033
763614066736
555435456627
063038152436
731707317207
111168253630
217730505550
835552776885
255378247044
145777872685
407563327012
248273070781
645522034577
147131508107
220456725273
431350563511
784145017826
783138135177
577803422136
054761108710
464607560750
473681787010
703517248050
617451000554
104700065441
508868635315
017785106355
017838576565
182018086626
753671430575
760257417627
085513474523
600313803067
874058477248
152275474424
881353527404
804146238453
020412410348
866767270205
574227835500
343652001507
758818840411
480542403154
034153337280
351251420436
621211362506
241233837210
416678318453
111040348221
610804512125
640462006207
028487061153
402478016865
058047614770
177401288023
036002611403
421416670553
415453814578
517263023565
046875878368
351382456457
023062400046
023205835334
023738715074
538327568522
546147518360
735358486686
451061402610
431383770805
426368751574
468031431237
566245481600
248725444288
210083427643
786100402633
005018361356
070286367536
653828174350
182865323060
452024265038
442244201242
003231472558
034117657485
525171600860
433106541585
213215274840
853586734582
457726658278
123738005667
736551377633
246370543672
441743464504
541703883656
442757807870
642621413604
568211111858
662448503082
308452426871
348655721501
446845854274
444022103374
800301850353
371585541612
786017111212
836388480353
821126760113
070847472168
630323063314
462174374310
173831738240
317107062148
737054181070
008072422314
206328060646
522434442467
125487536033
350882777255
314720701370
173338505703
405185721638
066360274088
268701821137
086456868358
353362832738
825083333646
232506301033
238203348082
238220377316
238334010423
238338513586
238353485367
238354283445
238363733626
238458012147
238480807682
238528280357
238565134078
238584858286
238618858400
238620166178
238668337322
238677504843
238686333355
238756060020
238762684870
238813667253
240005303011
240032517317
240045222481
240058565525
240074163767
240076231081
240115287734
240170775000
240172746045
240187805162
240211858078
240235804210
240247084230
240252643331
240271262764
240277235354
240327404140
240356635678
240401404057
240428414841
240487016735
240500354186
240577317501
240602178318
240631807010
240634153012
240737631321
240788685657
240820753484
240826028657
240858500130
241001625762
241005853765
241014565862
241033544261
241073811260
241083644101
241103736767
241142156207
241172520210
241216205486
241250744525
241263284264
241266601618
241275631215
241310445001
241311231326
241330867638
241335144113
241342175021
241347056115
241350532258
241362506786
241402256531
241422478448
241437144144
241440230621
241447806226
241467172568
241481086362
241506164527
241523881673
241530366501
241538717514
241545746547
241606341724
241645113684
241647737261
241675712618
241705110254
241707325051
241748572358
241811413374
241841441002
241875300206
242020221356
242036464472
242053865825
242103851837
242111325372
242121837336
242135544660
242167601452
242188534400
242216186836
242227845345
242271213605
242275787821
242280233508
242365476024
242386116581
242445844807
242471500022
242517418788
242543432308
242545377251
242606541087
242613675043
242654414604
242675336370
242710858001
242812588053
242840530840
242874161245
242877438137
243010553650
243048133726
243130732161
243142116028
243156015316
243160627270
243164686763
243180781313
243218687811
243226766782
243233330374
243287223503
243301383456
243321020644
243326761527
243340034722
243347268732
243368408865
243384420548
243385754377
243412886530
243446042252
243456546688
243468836242
243577531346
243607771711
243612531184
243658517628
243721887467
243761566265
243767228678
243785574180
243786286663
243802036270
243816843771
243835130166
244033353174
244135385705
244200148201
244230044118
244241786035
244253177344
244257272573
244264621247
244270553278
244281342062
244284387510
244287181455
244288817625
244313266478
244320463512
244323141371
244328264654
244346861402
244366638573
244385707465
244406140524
244447042806
244478344264
244534251026
244566453842
244622212823
244623068684
244624366207
244640703250
244688853546
244703652764
244733475167
244743626677
244762742121
244764462745
244767010605
244775460654
244828638578
244832588065
244870766317
245010733183
245065142461
245075033785
245075447232
245078268784
245104773815
245130057361
245160338300
245165600177
245222103260
245242817200
245325585755
245340038361
245354858154
245381615507
245422646704
245483437220
245523383514
245537770711
245552515225
245570167540
245585283155
245640263431
245657753644
245713883474
245715074804
245778353326
245865188678
246048885503
246064082316
246112803878
246114824312
246170478601
246252820650
246261152655
246263740707
246265100044
246356321186
246367010342
246374511832
246402531617
246446201766
246465282386
246540637572
246550836707
246571110710
246577784864
246582074463
246616177271
246643041614
246653410854
246724528176
246727453385
246784170581
246802423384
