117343004583
546835542570
028781758182
075052006204
016221755377
033174516456
230407205876
412364058261
483558181564
034626486843
147485734062
222684453676
231035600311
808007523862
267887452308
050184860264
735345408701
558124530071
543148520161
230256142100
230240624407
468348310348
122754857224
874716253535
213844707150
263600606605
760154127846
080723842221
711115866305
407414641637
058386106013
853567188731
025558443125
571481405122
530230510717
628367225815
355210375641
768882451333
322664267766
510533234501
602500188875
780384187533
807537836402
700735334367
385873764137
302480486632
686024507858
443241862143
082177701741
432567751277
012554655282
577218573683
830687701718
076618776054
148132766818
136767018028
574100212533
855248781015
576532716180
020451668452
864667824380
384731238002
062214542760
401111720150
362227216417
054502801660
203318237015
240474544283
460786230174
756608308425
682062580582
006737401012
867347160101
452441446653
247565525333
544185060882
748671027822
615253815306
106628388818
338341746054
823651435434
488458680613
062357858637
781817537374
185775871353
436433611137
527117722758
781417028471
171303142365
450027436566
807336387881
676033024352
021121358375
451534710622
435618162862
484254612405
575384725580
236802368512
312277858021
261536463510
187878633382
237753506225
031702011337
658785422370
566103428800
436855215210
665867303478
566164701344
021451754503
608515657666
802630365008
356147450736
252117230235
743765883037
283111207150
573688010825
164255475842
486635333275
658251434128
141132862141
877680733115
746401378560
266327840518
735247002631
356365310851
231625432004
588782015183
112267035862
542222878787
740025471023
857153852435
204832165553
336243304330
088742707378
883783738373
867640232517
203380285176
821307064337
716044347442
202373302227
877165867056
728486246887
237688077786
472216424066
237454868255
526772308631
428522687883
751522750014
260642830870
510306807525
187765075405
424740140426
821180114212
267878327340
482082781166
086838577183
581340376663
102708577135
581654016867
616580654627
408872013406
657730454204
534374616322
487881601588
273021141073
317606127730
507434234134
450384002553
744101452772
252481400327
725178447352
708306180711
415252876312
222427402147
018813821426
614012187236
688110444765
240072800241
051211613213
035300332827
546002114500
745662235424
258656276864
728878867073
308482533382
431042862776
441575884444
351474527568
826220570632
460260405417
480585052668
620650853627
263030024237
382885756345
802526617102
337703878328
423186135728
332312815187
304644858187
615827578321
600342086204
310764374447
856518560383
145052815784
275313772128
380566408014
263233630320
217714011805
237416285388
523245475740
288158367171
850532161540
324280502022
034622700155
257184001567
866017563566
685353573323
728086677321
603151830561
507332822478
636600173665
074416410021
158215377764
150587255461
587542107024
506882344657
777568427281
778332675011
083510523416
250836764437
802045548530
662146556832
251402826358
334015587676
828011556753
521405217277
142753373783
233528583424
760313042430
727135143807
168450005387
432322185650
215124852050
066012764781
245481263253
250272230667
448367214462
687376184560
663051037026
111803631747
548847573280
854022818551
013876245470
754416133402
038702083230
054442860076
524577826151
112854878327
345333447174
352078333638
878437283175
528200201458
570121553883
011121626005
075360517770
338757855057
176527270025
236570240018
053605471675
237657648538
237647603331
143532855872
834630363647
272425468524
340360612368
257557587410
454671040074
711068780307
267677618887
333823847807
515737261523
384483161627
440027713385
533876774515
344434438114
237571870376
237628373440
237641225520
318400180881
724414031614
824728761027
555457407820
237485605680
251241682348
167164365404
136050768537
281684483135
165002582783
271344236402
648682381876
237551337570
375710201525
237502514428
888157653682
855620410587
576638686128
767608658653
247442101034
423486674460
237413366320
237474373343
662213801725
237387340060
540822803327
237382733117
160205668881
163720661354
670011267063
463240307711
537052766455
536410876068
686654085563
560806166428
828864608423
618282870448
237382063227
885511061376
237347378543
603802238336
405541536677
007750682315
686633754184
067186103828
122001486025
237346446806
237354274358
728450723264
207105163036
374052760815
613570623323
413581370285
780564881883
448346818265
240606828720
860648464467
043786612388
237308737277
147464855838
237304123855
151004514681
000007223551
603777642281
702214631326
710353233307
345585702835
808875873345
126435112001
118538117732
237285366867
775567861620
110210303112
112047535116
113347174747
237222208123
208277770603
853867736526
047834852710
635467476788
623840765428
237255568475
807377186466
233811774611
557406211626
104411065061
554385158062
585825266248
425822661852
560675708185
030370320363
688612588580
031348351683
568705648470
237203566348
147106272607
237180271128
304441717388
501028262326
758458066383
046632218057
114267514347
664831631060
774368522640
121136556730
050148678127
134337307632
385233524308
378343303078
668811115745
122123571425
132721856632
318484133467
415745735115
184371668631
168455031871
773488462034
650807020330
334371153553
086753060303
004352173554
130388816440
080058801374
237058611046
834846721016
711240731236
237020717074
236876806032
215438532570
132382274657
883370106308
546501873371
236868513480
135007820512
138016038733
506472485858
236781432330
511756634383
511383721316
517263023565
808008067635
523103734821
522434442467
518742334033
152217364457
211147404816
178646264130
730801800603
274368247581
712566642766
735410348132
840432141271
502646045314
236767263531
236747051303
078213832362
804013113766
345570563225
880866526574
236737752267
754552062461
038048008371
808860634734
236675130467
571585217086
137464158356
506723656318
508868635315
505372733032
501664861672
763242724423
408617353612
638376177076
514187844751
127268520146
687160618113
646408174537
144160752566
572650601656
720018345154
236647320075
041104314765
612002336516
502262621044
851234623027
064457031713
881285326435
765460688775
670570634774
262608643561
481183873647
486243202177
480542403154
473681787010
476470416551
475506718742
488213474436
478472281154
451251088062
476055534334
484581157383
485766121470
474230476287
267308158388
864833155654
466441620275
236645656805
236635088543
853414662323
213888760181
236588526334
046835250765
056345037755
431857742281
103552636186
044360821141
513803511413
464056163471
462174374310
458253014732
468031431237
461572863513
458762003865
557216740816
457726658278
453436267483
457537045603
467124308827
473181056631
464607560750
455837375702
456671771430
522265260065
125826214270
565174210530
387426718682
066187831020
251521656447
110680138577
886414788068
712324150453
885576515325
888041015581
313777154147
578476770227
817488867486
213543162468
286670310381
651678082118
451061402610
722638700667
447654570616
446845854274
448682773308
448645183715
452114516345
452024265038
450338214054
236587114810
475132665781
236561160725
518867170562
616221120437
340107434541
210018060005
051520622785
721511652676
446511258155
484068456030
634117557525
853022881453
236555535321
070210702255
426820521745
236544834564
444022103374
446023675001
236541807682
082160130647
438622501763
442445877233
441743464504
442244201242
435046285211
443532663641
444055024620
442757807870
487223334520
322178001745
446580316201
433106541585
083815484206
788565713012
771416201121
255872588381
174727273520
044824660786
067275517348
236503518832
236506677507
137157251088
143175727151
307832384453
370821866730
816628410134
851735505715
858043885172
863265134828
861578156777
853586734582
863408481610
862402283047
861552006056
707611268636
524744315352
082658020086
713001800850
638712271244
151634666253
650713828042
150177306672
308783210136
422426214244
880084226021
601531871521
215182844604
112875725526
323807375536
071758446643
088362842087
213103000452
511388364355
236455705214
630052088314
236438205724
242706151678
861275538813
834347171130
836388480353
845205032102
835552776885
836803730820
847605837358
840041748815
837864775744
581718238837
670385851815
233456804045
843888182178
406268363588
785730283515
413754754615
801315684632
668888088480
633871307443
444427052842
072873485602
074887667067
613723204010
414673405257
740642650362
038104005863
163610427241
254485547873
488747757407
207823881077
814454018016
168436240651
265022143317
233311170363
833427358240
820635372761
821126760113
832185665360
818042815302
825083333646
513743835456
201684580375
830666883232
820448601032
833054225153
333105728152
826663778106
247874530426
677200103808
337271133800
303067464021
834681262223
882344562861
750033432084
171541878788
685184050123
371486741616
768732688342
536435460443
540631321683
353501840323
561481176503
372502181227
361306126481
321677880185
467050327112
656402673613
351822846618
084236411045
260256735077
234188484700
260737031267
236372224617
236355582314
236405667766
703445834058
560325048014
716472585704
616447850757
037506286027
061034430132
788224073713
424300244276
722675213381
438703523226
382808014300
804146238453
701174424371
801064030152
801484016206
525708844763
816826411085
618786830625
811287847103
804472211850
808256177814
808571452380
801664360401
233825738082
234147353518
628640803664
066436018532
223766183220
344836028454
234054742628
438286177367
552800041887
776308255526
042583120128
148254462148
751603543122
233845487160
314432213841
710585417734
888167575648
113221185672
674061356827
023783627741
668734032323
206157234626
116781613514
600040410286
046738633224
736170038056
857601117127
385156551776
361422456778
778730572154
666753258080
787026380813
772876012020
783138135177
783681880777
786017111212
788301531408
786100402633
787682500242
787872873328
800301850353
784145017826
302147528625
054842728775
536702025320
148456178784
652870318341
774576300121
553515678780
066570324310
121403540472
785648484253
834483734736
034063184564
281117327340
816703685638
824730584535
426352083452
575071255418
725160520154
000706200171
778637161451
233874263144
777416102672
664178220717
503643006287
586625524684
772835141244
113535588267
764157467734
763614066736
760257451115
758818840411
760257417627
767544331426
772344146115
767526546174
772776755627
772611613181
766250046134
404833521114
844262803138
114365718347
078325004705
304013015652
233822327671
088226224463
774554632487
233286436484
632187765702
240608170581
873322617282
338442276853
302255465771
603088241101
042422851403
445332508603
814240442882
641187737504
833862307331
436053310120
233751540382
327074367476
480377612415
002243151077
754607664810
522485718871
182144868160
027538012864
016668388552
742876710365
746521676274
753671430575
752671026825
753187254125
750173170362
747125645521
746422624344
754854884414
148170527338
865103764054
105381128500
067747507888
764315057662
763808720562
402531183476
221680343230
745662258480
515653287372
521138670407
028561670507
572041741017
470282443084
340288838242
233740122451
233634324036
233582040802
604626755535
615168153531
763626062738
688436342124
838562874641
037574528284
085803311247
547061627526
062221138317
410036718701
721701526023
744208327104
233407726168
233574467655
233525213315
168381487364
101351888036
233521224451
737054181070
734670141258
736453172633
735358486686
434666605557
736755278164
734524536416
736046087517
741778324783
743056378420
742871847062
736551377633
737061781370
233468177136
282126010667
233364634144
463385011306
735416271177
778845424272
110542373678
233318385765
511778841283
642866215738
568000451454
664237806216
705865878263
658557635021
221517167420
248666671311
642545611773
215032676303
231858424154
338071481346
013245868670
254781762631
345816633534
620221544571
444430868135
251552114651
541200211154
101101136045
767702557126
004581482564
727224216035
543752128648
822657710540
730618174512
731707317207
726614183001
725264224351
717481015014
724311587680
726666087038
205835882383
731072600818
861731021201
338705234870
263482758546
637613183470
583766854760
204207141003
241254248236
233271430048
706857274877
836146648523
630331145585
640564834060
232506301033
226408628504
006580410672
864178271805
338133058573
078677503357
010021066480
233314427382
233266421685
767750000035
585780028400
248000716362
266158318353
714337078782
342184862706
682784010284
685431424875
682082335667
702557243082
681803183280
715603582420
700108663801
703517248050
715204518780
716351035433
714830103223
636037755640
237273475872
768340075526
110657276654
631632456403
415611470546
804363300553
378575422756
466322268303
334811030426
048564246616
233204728762
206618567362
233185680505
233145088433
233124748356
233143713543
276667270150
073776747532
230112362071
233041511367
582055427126
444611645531
635485865253
678644556018
335303788330
586070427316
625063031050
826588878522
245308553443
815380682345
877032331705
410243688730
870734534651
645522034577
648505341538
675312380650
662448503082
656483245788
661500005536
673204350523
043266813306
433124715161
646381086411
651762765340
653828174350
647625654861
660055204762
652565550550
675546702207
233073657740
233072722141
233065827862
335043060125
123770106732
380362605045
232728581604
087257864247
062321126487
641127305475
101477551445
311813664474
262776281580
724862501206
086461104618
467367203414
784213407652
738202560358
646400335388
341346131416
145078855616
235437184066
108471127058
535875452181
275257320252
072772055603
573380528223
717846424625
221667753377
412177706602
218605563356
530550148634
723322815642
023874261242
514820262776
224841854572
643454680621
645105658528
643311548154
630361350645
645201705763
642621413604
644833400124
631254576040
637601657310
644714244466
640462006207
631235462006
406746186162
568477207883
580278274030
232838768555
478608584171
086028786614
074824026731
082723373088
202613862246
543874706427
664633553338
652528552076
168464882170
165600237462
083265263465
675385036304
571103687188
713520274222
746001826505
637878665230
325632465160
185306513670
421482436815
232804472031
232788646665
405566708255
737005512385
308728704511
182801088828
731274772335
608773542458
865047648066
884504747522
545677411266
423325882343
331327816481
613767247743
455513871742
838342850485
126534183836
082872464507
866056726747
415580146531
658687860232
030687754666
527211067757
346707867476
232784860063
631026763167
624850564030
628345550623
627167257715
630323063314
621211362506
717151268534
622321611150
626260232652
623512624884
624104622718
623120328678
685810855735
710267064875
232766157021
355505224723
226617182041
604227826337
583266834571
024060486456
017838576565
222142524253
765432685773
561285317408
525815265414
250652270238
555485381821
137550327778
764860674818
573033480640
443844125004
336304241158
256502026705
624866161166
750376550000
015116868263
023738715074
576638758354
580523311442
381236020703
125181786028
232751878060
738228687051
284832633602
232723710504
261841684305
171461325566
262577344262
222508788602
232744838147
687501760705
735381855384
610454227534
263550547141
166337306371
616725002620
607874571142
610804512125
620261174032
612058437852
608283442480
607642351720
617451000554
618852650444
613086010348
232556551425
232536850825
305051767827
828686816540
841850564562
224538175006
534328100627
138080145732
236045248654
232075642747
256327408747
232717003357
232632377163
232630011251
335042602762
334545122257
804406835842
485700737071
132704628030
355565338134
827805005406
131855120122
634035868056
708841647615
424841544126
353378157367
383072205636
485556434337
345241776865
368578225084
780155872321
675702255435
871821182042
616018623408
338113032407
518757021651
512137774003
418433204566
334820318254
404131534878
304575100848
708446186472
232562017400
472472858008
710763183105
557684658444
566107725234
321284370330
735153733318
358115730142
680373044623
332278255723
650468803072
537250231174
271755770050
600313803067
606722303580
605207554154
584356477845
586545508673
587826848205
603451846575
581654656268
645770304446
602116071456
606406460144
080445552681
316888415611
643587187107
387535760801
654746870204
115685830744
222457652510
148133273748
800266264370
230016103828
165531523300
627626833816
388745076135
438352638072
315814185573
025421300220
337561142021
346560635401
437345756132
143144107523
542752152740
103027727461
310312530030
580345651778
652730151886
304848747482
132214578727
303505385758
643105306337
315070506641
834375482128
081036000058
064577425651
283275542181
570061570356
460631628533
023555084632
023205835334
172102620474
232527431276
234212071844
640443218516
546417808871
874440708453
123441886722
023062400046
855711082322
574227835500
565368657630
577803422136
567551123521
578307422564
575658184383
574746315873
565333128505
566245481600
566838767166
568211111858
573861432646
650163678123
676211282105
237714513517
312004242223
212257000720
302286853526
276102368237
232017148827
267128678570
232862231573
743610272486
256537464320
271823053082
251376621576
882106484586
085826657408
866271756736
225152610778
206578850714
280154758880
545827207132
553075711023
553342376000
014860854541
014683601817
556325773018
845314770374
015053625152
783417550348
556807485718
232456170367
557716522824
232404312851
605284451863
210755276421
605814347080
232427700758
232370436752
232354100386
232342747761
217558400455
022584484556
010307254158
020412410348
021052635664
013685437628
010624746507
613762812565
524613550768
232201337160
232512725077
232475651473
614657702086
673876504152
616882407515
232164517856
766476734748
523106306723
532226286123
103280071325
768204357083
232156241342
770775252885
736168032763
873577115356
882376471514
020013525616
562751618438
008072422314
546147518360
558676471016
562284354371
555435456627
007703146627
546830673184
006726677165
563086243453
554884437004
223281783722
182562483087
725643456002
232025043655
863338840653
521408252125
787626008442
712551221673
787138221057
888663013653
854075872581
838564110008
518103673332
507745543748
830757326248
838318004758
787686341561
523567425558
007634044873
246214480063
246261152655
246252820650
748203537383
533411815016
220725547807
680050777016
527376367825
175838456867
308662648512
534235088410
713775068163
003668471407
246784170581
722274062346
010142814842
880242325663
231461163325
157504218841
082725005676
017028157830
076028301141
066565101220
062258555125
873766824646
047122723082
541703883656
538327568522
534866681325
533278043213
531417244207
541370867752
544303834752
546113043454
544636403567
532104504356
075008851315
074856470712
037842735074
861403066656
018570574720
017462764373
712478332545
881825436538
841420380004
883002633010
835465402444
831502583012
752335872456
246727453385
827275354437
325131488300
710532007765
726517007575
826133710302
741358712031
536755337102
274615168441
280726722646
685856031230
240712186425
707375561288
002055551334
246802423384
003231472558
702226422387
701385123017
688727757285
680335231342
854442730526
413718745288
675771743585
606015633336
373358277553
216364843321
604620771056
572327145660
232088236784
861778011460
312744260654
470526613141
570027228062
888676434604
224417012465
358663135802
463767160680
548701741108
231767418167
507484436664
427820416328
231781003164
231766658613
231741271464
608402211700
853571145320
624127613604
837654407568
864035447847
880241418571
834716666802
786764616255
747731586224
723726052723
832614168015
530661814151
631230863687
528307538668
527361287865
526256846746
527140514454
525171600860
528017735021
736341548748
530317885360
222631773661
622880627053
612130717511
231664343117
600718358800
713222332167
557213833552
715165322333
231633040308
231551650432
246577784864
416335763425
246724528176
231618416012
354470443614
685237388034
481685177056
440134737301
683715055704
278718121346
671788081061
231603120620
285535265617
344843480185
343436252884
877434146062
231534841283
246653410854
246571110710
358734455580
350127644870
231550251200
231454241135
231477833812
231528858833
231503010627
231473533741
246582074463
245865188678
246643041614
246064082316
246540637572
246550836707
246465282386
246170478601
246048885503
246616177271
674714465672
881824767225
848377031632
867304321114
231433678370
857281763217
231438658873
865488538258
672304513676
664220308873
836517626128
246112803878
246114824312
816770752416
245778353326
846627332717
808167518411
703336207745
702031136412
220456725273
860836424628
761527811285
741520025080
687686456188
752770732812
231304814207
426368751574
424438382246
424111731107
422232033888
658801348663
632107685302
652416621832
307034817055
628752675863
322248021805
887367463834
886737018324
882154447387
885247008552
884741503537
881353527404
878011313720
877354041783
231428216052
231310648428
874058477248
873363738433
871641300584
305171346027
421546013218
245715074804
866767270205
864161231261
347536521343
348655721501
870803826715
870306864741
317107062148
303252313764
202032656216
245104773815
245130057361
245010733183
245078268784
245075447232
244870766317
206328060646
202670544086
346667485241
431350563511
431707836184
431383770805
431167074033
430053878556
045113767231
046875878368
421416670553
146528313656
418774783534
418374332425
274307371724
415453814578
245075033785
201404814435
188847016168
244832588065
416820683181
416678318453
283021655037
314103237622
314720701370
231261872737
308077407044
145777872685
308452426871
414711615127
382851782268
387204514583
383321326103
407064601310
244762742121
380625017378
245065142461
380441277042
405185721638
244733475167
244828638578
402478016865
404500178265
380610627854
414663503428
412188318674
407563327012
118741888521
377011785643
276358887412
274600240481
365034647173
371585541612
363386547648
365562216004
186548656812
186383603083
244703652764
244534251026
245230176440
112474484663
351848125721
244743626677
246707602042
244566453842
351382456457
361015676222
351251420436
357276015553
353720822276
373767060507
353362832738
362886816127
341116536484
350882777255
348880554402
118143571177
246370543672
352035704305
343652001507
346071162287
267415864801
260604113335
260561411283
244688853546
261260613084
268701821137
244447042806
271250042861
243333743053
246322000033
231238356546
328835227746
332450142780
327014317703
231042710767
324526053041
231111848550
231084750678
316586754225
316551532607
322823013852
278266703766
315010655867
337686556262
036761302858
244640703250
285530706017
238411133860
301575636734
310254328811
308011480608
231008575813
230821585485
154631866770
302355455158
285851107845
154365452587
286220576442
300005636714
235635254863
235260166224
285006168603
283634243573
255378247044
244281342062
243468836242
243577531346
241233837210
243612531184
260546082436
248273070781
244033353174
243326761527
255846875368
243607771711
247538122856
243321020644
243301383456
252508211207
253568064544
248725444288
244624366207
253825220786
152275474424
233783261534
233310267230
240788215175
220244801417
148885747050
231037284472
220180871707
231011217663
217730505550
231016734851
113773714837
217072070078
244478344264
243412886530
243446042252
244622212823
243816843771
243721887467
108045522604
210083427643
243802036270
243384420548
243385754377
243835130166
208818582608
244623068684
213215274840
148425814101
208627725571
206408110285
184468117450
243761566265
243767228678
243340034722
182018086626
181714218330
182865323060
243347268732
183082611006
171755452623
243658517628
243368408865
183018365366
185006265382
117868214158
168778071481
035168776831
147465274176
178861806081
180833424370
116286256286
178550155230
177401288023
177838636311
177754708811
170826717775
175230504175
176055857625
173338505703
034675306778
122873667103
147131508107
054761108710
136157357151
111168253630
160371110188
103002825851
160726630750
104700065441
078561284626
120466080215
136274825752
145235611081
144761862161
162367775052
147137243556
164604735126
167350640103
162425722235
173831738240
230810708021
161208155312
140152385131
084038325004
121331288232
230706633823
135870415741
230744208356
124462320780
123505600000
132152357058
127375127310
125763645442
124663868577
128557272864
127050885680
123738005667
127136850821
125487536033
122552153585
122166455544
113647825318
070847472168
067774276405
070286367536
112082475604
077786224650
076728654887
076514774634
086456868358
072181048282
075744718437
072065184712
072221616164
111542115845
111804483765
111040348221
110780068151
085513474523
108734233645
081207562217
084244078600
081484472812
080476332876
085530578031
063461607124
063038152436
066360274088
243010553650
242675336370
243130732161
067228574571
242654414604
242710858001
242840530840
242877438137
242812588053
243048133726
058184274204
060025254440
055888673307
058047614770
054012674020
246367010342
051058723767
063623425055
244288817625
230687544816
246265100044
044646710662
025220500726
057638253043
244767010605
050484723262
050662025403
242874161245
234743465814
234665400468
235683015007
235707302115
036002611403
234584871680
038254514788
234582117245
234337231160
185200643766
234555604622
234621651414
234770772187
234435550466
235088686758
235076734547
234743834644
234807606851
234818225330
234804032336
234705655722
044308023722
043760330834
038471381552
040416348662
246446201766
246356321186
230651165186
034117657485
034153337280
017785106355
028487061153
031008650733
033568367526
230666254714
246374511832
246402531617
241875300206
242020221356
235412177684
242365476024
242517418788
235547617487
244270553278
245640263431
235614780005
222658358641
235522325515
242543432308
245657753644
222568027765
242386116581
222624826014
245713883474
243287223503
235552611237
235472836885
245570167540
230662252525
244406140524
242271213605
246263740707
244287181455
230618820755
245585283155
244775460654
244366638573
243160627270
243164686763
244764462745
244346861402
230551666100
230554851603
244323141371
245422646704
245160338300
245222103260
245165600177
245381615507
242280233508
242445844807
245325585755
245340038361
245242817200
244328264654
245537770711
245552515225
245523383514
245483437220
235517712500
242471500022
235411150338
245354858154
230536236463
244320463512
244284387510
243156015316
244313266478
235751371440
244385707465
242613675043
241467172568
244264621247
244257272573
243786286663
243785574180
235364721737
241538717514
242275787821
235322708337
235371341338
244230044118
244241786035
243456546688
244200148201
244135385705
244253177344
242545377251
243142116028
243180781313
241811413374
243233330374
243226766782
240076231081
240058565525
240115287734
243218687811
240247084230
240235804210
242036464472
241841441002
240187805162
240172746045
240074163767
242053865825
240252643331
240045222481
240170775000
240271262764
235407601737
230526125804
242606541087
242227845345
242188534400
242167601452
242121837336
242103851837
242135544660
242111325372
242216186836
230464075484
241748572358
230560813503
240032517317
240005303011
241530366501
235320486412
241606341724
241705110254
241675712618
241707325051
241647737261
241545746547
241645113684
241523881673
241506164527
241440230621
241342175021
241275631215
238813667253
238677504843
241347056115
241335144113
238762684870
238668337322
241402256531
241330867638
241266601618
241350532258
241362506786
241310445001
238756060020
238686333355
241311231326
241437144144
241481086362
241447806226
230450810820
230461618475
230363687074
230334062186
230388107607
230445718605
241422478448
241103736767
241263284264
241083644101
241250744525
241142156207
238584858286
238618858400
238565134078
241073811260
235251766646
238620166178
241172520210
241216205486
230503036861
230507280164
237755412637
230502835656
240327404140
238132574777
240577317501
238354283445
238458012147
238220377316
238528280357
238353485367
238480807682
238113464314
240401404057
240788685657
235171703148
240356635678
235278552305
238038840288
238363733626
240858500130
241005853765
241033544261
241014565862
241001625762
240820753484
240826028657
240737631321
240428414841
240500354186
240487016735
240602178318
240634153012
240631807010
240277235354
228445353710
237833258822
237831300433
236114516708
238013082545
235140743836
238334010423
228443101388
240211858078
238030285260
238338513586
235104027370
237827772222
226877350450
238203348082
236860073636
238030862800
227727501718
228474683637
236846121450
236831785800
235708858388
236810400872
236208471741
235814036326
235761542026
235833787115
236314440147
236343486436
236220765316
236246774048
234332543522
234238681157
227446664834
228400785342
228337107215
234324377441
234273675658
234218170387
228307501381
235122640104
228275726751
236168115106
236153608331
235174702321
234830442731
235100656678
234732487724
236145847751
228367716681
228283625282
234272225030
228386641421
228308208357
236346714741
228248388018
227672650832
235843308250
236018165623
236001777843
235866010670
228550573624
228550866304
235327525311
228478636331
235327828370
227107117401
221381866820
228483137521
228836100543
230184240223
234214803027
234217500715
228683501861
227667286811
228708543848
228775313070
228687543564
227642504346
228247472000
227733332228
231764364351
011766488208
230166268277
230128514343
228645045336
227641521672
230272412875
230215206300
228180254736
228153435882
228142701613
228036683878
228037773460
227138426766
227141782188
228626403505
230605773237
230264641407
230312273167
228583166164
228185114075
228156565412
228148833688
228125237716
228121466357
230083500260
228232447034
228863484281
231747416062
230150403603
228815645220
230232725661
230073468188
230123880460
228864226783
230020040844
230123832406
228868001868
227270608758
228632341330
230022721067
227205773037
227624785873
227565346707
224824045146
224772044438
227542743751
227280580833
227458312782
221300175226
227432837078
227416754242
227444006716
221286427320
227626803333
222517643310
227614871768
227614230400
227277262447
227353534651
227362757626
227200406151
227348018366
227333554837
227318203215
227182142567
227200770711
226635086758
224723467618
220242252164
220235167841
225162187140
220214603427
221282527214
224662634108
226631337025
225082730565
225155334371
227048273721
227205684023
227131784531
227104360465
227015265410
227026518048
227114657270
225883022037
226757488706
226777318564
226865111178
226785745104
225770164564
226625875038
226578225340
226518762318
226580861153
226765644531
224175173554
226475824848
226428280228
226023512638
224158323118
226415705182
224575265838
223577138633
224843410213
225162646207
225036745705
224555525725
225674203172
226388712174
226361423610
226231818862
226173687724
226284172842
226268184666
226123651438
225748084267
226365806132
225520261678
225682848268
225644583654
225350638472
225488071868
225505346577
225442803245
225543847282
225485542035
225215402672
225407362040
225358873078
225282538105
224028520851
225678178357
225205036417
225261508320
224377364587
224447241101
224422031753
225018287428
224386871887
223235720131
224864812153
224864018517
225010121752
224516554144
224473276417
224472688177
224428874418
224535827846
224388684356
222470556326
224255001640
224350486867
224223031816
224036730873
224177441445
224131752784
224146182015
224138120533
224123212531
224126122024
222432403368
222431651031
224121736171
223853273815
223743322616
223832254526
223687074832
224074617147
223773243354
222138024482
223646614356
223632867777
223622315103
223620608471
223658816566
223702136528
222425783407
224074334782
223883627348
222266878856
224005547774
224016838064
222222056845
222134375767
223688303816
223147043844
221523621330
222123470032
223552487415
222521043712
221275827814
222771401034
223334316804
223518424256
223388731464
223111363085
223123781022
223056645650
223106258208
223043801483
222850046464
222818683155
222817104376
222781828316
222775817802
222800633678
221460356758
222814543073
220185234525
222702735047
222707115448
222675756166
222111384154
221388758133
221687775423
221782147025
221583463325
222047285620
221835736557
221383354183
221641027714
221717700447
221824208526
222054166088
221351213600
220164708061
221336486778
221268684002
221272634852
221250170007
221221773888
221128317344
220157847513
221253707200
220574013385
221000115525
221071065826
218843212846
220864240618
220860037027
223283631428
220633873086
220823724345
220821574732
220613725148
220438160548
220370028720
220802117283
220431820773
220808504374
220784057722
220731242856
220734255421
220704620333
220756044067
221857425110
220657632455
220615515052
220573570724
220502872611
220087432153
220348414075
220262483674
220367414132
220568650308
220112312723
220337421165
220188577008
220117664431
218520326143
220062444715
218860720683
220077807505
220053357172
220005270870
218874608768
220061071212
218562648706
218830433146
218553473765
218750034678
218816547156
218787172420
218778445444
218688342302
218676702383
218772641848
218525261154
218613767672
218662261017
218428024413
218413152254
218405082642
218475437211
218465127786
218402763872
218446820583
410535403555